   8.43657190868864e-02
   1.59845310459406e-01
   2.27276436140246e-01
   2.87417794886337e-01
   3.40956565760568e-01
   3.88515150025839e-01
   4.30657277505975e-01
   4.67893537322838e-01
   5.00686387271538e-01
   5.29454690980579e-01
   5.54577827370889e-01
   5.76399412731519e-01
   5.95230671929185e-01
   6.11353491826498e-01
   6.25023186865876e-01
   6.36471003952210e-01
   6.45906391209602e-01
   6.53519052870898e-01
   6.59480810460468e-01
   6.63947288530247e-01
   6.67059441487743e-01
   6.68944936495686e-01
   6.69719406010888e-01
   6.69487582250960e-01
   6.68344324719093e-01
   6.66375550867913e-01
   6.63659079033150e-01
   6.60265391907086e-01
   6.56258328042232e-01
   6.51695708169530e-01
   6.46629902475883e-01
   6.41108344406556e-01
   6.35173996033345e-01
   6.28865769554232e-01
   6.22218909059835e-01
   6.15265336312177e-01
   6.08033963928171e-01
   6.00550979040476e-01
   5.92840100218705e-01
   5.84922810171627e-01
   5.76818566513408e-01
   5.68544992661704e-01
   5.60118050740506e-01
   5.51552198184081e-01
   5.42860529578440e-01
   5.34054905131951e-01
   5.25146067035500e-01
   5.16143744853818e-01
   5.07056750981957e-01
   4.97893067103454e-01
   4.88659922498388e-01
   4.79363864969647e-01
   4.70010825083232e-01
   4.60606174352870e-01
   4.51154777939776e-01
   4.41661042384620e-01
   4.32128958839961e-01
   4.22562142227337e-01
   4.12963866703151e-01
   4.03337097781330e-01
   3.93684521427895e-01
   3.84008570412895e-01
   3.74311448178249e-01
   3.64595150455645e-01
   3.54861484846610e-01
   3.45112088556836e-01
   3.35348444458760e-01
   3.25571895639979e-01
   3.15783658580245e-01
   3.05984835086316e-01
   2.96176423101746e-01
   2.86359326497685e-01
   2.76534363940728e-01
   2.66702276924834e-01
   2.56863737046098e-01
   2.47019352591766e-01
   2.37169674508118e-01
   2.27315201805790e-01
   2.17456386455552e-01
   2.07593637822578e-01
   1.97727326682722e-01
   1.87857788860181e-01
   1.77985328522264e-01
   1.68110221163564e-01
   1.58232716308830e-01
   1.48353039961044e-01
   1.38471396818736e-01
   1.28587972284268e-01
   1.18702934282817e-01
   1.08816434909879e-01
   9.89286119234793e-02
   8.90395900957079e-02
   7.91494824368568e-02
   6.92583913041606e-02
   5.93664094060200e-02
   4.94736207115619e-02
   3.95801012744576e-02
   2.96859199790827e-02
   1.97911392163411e-02
   9.89581549577930e-03
