   8.94131994927261e-03
   1.77838308196665e-02
   2.65285148006570e-02
   3.51763443184850e-02
   4.37282821332072e-02
   5.21852814347793e-02
   6.05482859381866e-02
   6.88182299776272e-02
   7.69960385997599e-02
   8.50826276560245e-02
   9.30789038940455e-02
   1.00985765048126e-01
   1.08804099928842e-01
   1.16534788511748e-01
   1.24178702025200e-01
   1.31736703037302e-01
   1.39209645541995e-01
   1.46598375044284e-01
   1.53903728644622e-01
   1.61126535122451e-01
   1.68267615018919e-01
   1.75327780718768e-01
   1.82307836531413e-01
   1.89208578771208e-01
   1.96030795836928e-01
   2.02775268290442e-01
   2.09442768934623e-01
   2.16034062890469e-01
   2.22549907673462e-01
   2.28991053269176e-01
   2.35358242208117e-01
   2.41652209639837e-01
   2.47873683406296e-01
   2.54023384114507e-01
   2.60102025208447e-01
   2.66110313040267e-01
   2.72048946940781e-01
   2.77918619289262e-01
   2.83720015582543e-01
   2.89453814503430e-01
   2.95120687988432e-01
   3.00721301294827e-01
   3.06256313067052e-01
   3.11726375402435e-01
   3.17132133916277e-01
   3.22474227806288e-01
   3.27753289916373e-01
   3.32969946799797e-01
   3.38124818781710e-01
   3.43218520021060e-01
   3.48251658571889e-01
   3.53224836444009e-01
   3.58138649663093e-01
   3.62993688330151e-01
   3.67790536680429e-01
   3.72529773141713e-01
   3.77211970392057e-01
   3.81837695416936e-01
   3.86407509565836e-01
   3.90921968608273e-01
   3.95381622789260e-01
   3.99787016884223e-01
   4.04138690253373e-01
   4.08437176895528e-01
   4.12683005501412e-01
   4.16876699506419e-01
   4.21018777142850e-01
   4.25109751491632e-01
   4.29150130533529e-01
   4.33140417199835e-01
   4.37081109422568e-01
   4.40972700184167e-01
   4.44815677566685e-01
   4.48610524800510e-01
   4.52357720312582e-01
   4.56057737774150e-01
   4.59711046148037e-01
   4.63318109735448e-01
   4.66879388222303e-01
   4.70395336725123e-01
   4.73866405836439e-01
   4.77293041669773e-01
   4.80675685904152e-01
   4.84014775828195e-01
   4.87310744383750e-01
   4.90564020209102e-01
   4.93775027681757e-01
   4.96944186960789e-01
   5.00071914028775e-01
   5.03158620733312e-01
   5.06204714828118e-01
   5.09210600013726e-01
   5.12176675977774e-01
   5.15103338434896e-01
   5.17990979166213e-01
   5.20839986058434e-01
   5.23650743142566e-01
   5.26423630632244e-01
   5.29159024961672e-01
   5.31857298823197e-01
   5.34518821204500e-01
   5.37143957425422e-01
   5.39733069174426e-01
   5.42286514544690e-01
   5.44804648069849e-01
   5.47287820759375e-01
   5.49736380133609e-01
   5.52150670258443e-01
   5.54531031779663e-01
   5.56877801956937e-01
   5.59191314697483e-01
   5.61471900589386e-01
   5.63719886934598e-01
   5.65935597781595e-01
   5.68119353957726e-01
   5.70271473101226e-01
   5.72392269692917e-01
   5.74482055087597e-01
   5.76541137545111e-01
   5.78569822261115e-01
   5.80568411397539e-01
   5.82537204112736e-01
   5.84476496591345e-01
   5.86386582073850e-01
   5.88267750885838e-01
   5.90120290466987e-01
   5.91944485399738e-01
   5.93740617437711e-01
   5.95508965533811e-01
   5.97249805868079e-01
   5.98963411875249e-01
   6.00650054272037e-01
   6.02310001084161e-01
   6.03943517673090e-01
   6.05550866762527e-01
   6.07132308464628e-01
   6.08688100305964e-01
   6.10218497253219e-01
   6.11723751738638e-01
   6.13204113685223e-01
   6.14659830531669e-01
   6.16091147257063e-01
   6.17498306405333e-01
   6.18881548109454e-01
   6.20241110115412e-01
   6.21577227805932e-01
   6.22890134223972e-01
   6.24180060095975e-01
   6.25447233854905e-01
   6.26691881663034e-01
   6.27914227434522e-01
   6.29114492857758e-01
   6.30292897417491e-01
   6.31449658416728e-01
   6.32584990998424e-01
   6.33699108166957e-01
   6.34792220809379e-01
   6.35864537716470e-01
   6.36916265603568e-01
   6.37947609131208e-01
   6.38958770925540e-01
   6.39949951598554e-01
   6.40921349768105e-01
   6.41873162077727e-01
   6.42805583216267e-01
   6.43718805937308e-01
   6.44613021078413e-01
   6.45488417580164e-01
   6.46345182505022e-01
   6.47183501055996e-01
   6.48003556595127e-01
   6.48805530661786e-01
   6.49589602990791e-01
   6.50355951530349e-01
   6.51104752459812e-01
   6.51836180207259e-01
   6.52550407466909e-01
   6.53247605216349e-01
   6.53927942733606e-01
   6.54591587614032e-01
   6.55238705787039e-01
   6.55869461532654e-01
   6.56484017497914e-01
   6.57082534713099e-01
   6.57665172607806e-01
   6.58232089026857e-01
   6.58783440246053e-01
   6.59319380987770e-01
   6.59840064436400e-01
   6.60345642253643e-01
   6.60836264593637e-01
   6.61312080117947e-01
   6.61773236010402e-01
   6.62219877991784e-01
   6.62652150334367e-01
   6.63070195876322e-01
   6.63474156035967e-01
   6.63864170825886e-01
   6.64240378866895e-01
   6.64602917401885e-01
   6.64951922309512e-01
   6.65287528117763e-01
   6.65609868017377e-01
   6.65919073875142e-01
   6.66215276247055e-01
   6.66498604391348e-01
   6.66769186281392e-01
   6.67027148618466e-01
   6.67272616844406e-01
   6.67505715154119e-01
   6.67726566507982e-01
   6.67935292644110e-01
   6.68132014090510e-01
   6.68316850177107e-01
   6.68489919047651e-01
   6.68651337671514e-01
   6.68801221855359e-01
   6.68939686254697e-01
   6.69066844385335e-01
   6.69182808634698e-01
   6.69287690273053e-01
   6.69381599464606e-01
   6.69464645278502e-01
   6.69536935699711e-01
   6.69598577639798e-01
   6.69649676947601e-01
   6.69690338419790e-01
   6.69720665811329e-01
   6.69740761845826e-01
   6.69750728225790e-01
   6.69750665642779e-01
   6.69740673787449e-01
   6.69720851359504e-01
   6.69691296077543e-01
   6.69652104688819e-01
   6.69603372978888e-01
   6.69545195781173e-01
   6.69477666986425e-01
   6.69400879552096e-01
   6.69314925511614e-01
   6.69219895983572e-01
   6.69115881180817e-01
   6.69002970419455e-01
   6.68881252127768e-01
   6.68750813855033e-01
   6.68611742280265e-01
   6.68464123220867e-01
   6.68308041641190e-01
   6.68143581661019e-01
   6.67970826563963e-01
   6.67789858805771e-01
   6.67600760022558e-01
   6.67403611038953e-01
   6.67198491876166e-01
   6.66985481759975e-01
   6.66764659128632e-01
   6.66536101640691e-01
   6.66299886182757e-01
   6.66056088877163e-01
   6.65804785089564e-01
   6.65546049436460e-01
   6.65279955792643e-01
   6.65006577298567e-01
   6.64725986367652e-01
   6.64438254693508e-01
   6.64143453257091e-01
   6.63841652333786e-01
   6.63532921500421e-01
   6.63217329642213e-01
   6.62894944959639e-01
   6.62565834975245e-01
   6.62230066540386e-01
   6.61887705841893e-01
   6.61538818408684e-01
   6.61183469118301e-01
   6.60821722203385e-01
   6.60453641258087e-01
   6.60079289244415e-01
   6.59698728498516e-01
   6.59312020736900e-01
   6.58919227062597e-01
   6.58520407971257e-01
   6.58115623357185e-01
   6.57704932519321e-01
   6.57288394167159e-01
   6.56866066426601e-01
   6.56438006845763e-01
   6.56004272400718e-01
   6.55564919501179e-01
   6.55120003996134e-01
   6.54669581179413e-01
   6.54213705795212e-01
   6.53752432043555e-01
   6.53285813585703e-01
   6.52813903549507e-01
   6.52336754534715e-01
   6.51854418618217e-01
   6.51366947359247e-01
   6.50874391804524e-01
   6.50376802493348e-01
   6.49874229462647e-01
   6.49366722251965e-01
   6.48854329908411e-01
   6.48337100991553e-01
   6.47815083578263e-01
   6.47288325267513e-01
   6.46756873185133e-01
   6.46220773988504e-01
   6.45680073871224e-01
   6.45134818567712e-01
   6.44585053357774e-01
   6.44030823071123e-01
   6.43472172091853e-01
   6.42909144362866e-01
   6.42341783390260e-01
   6.41770132247672e-01
   6.41194233580573e-01
   6.40614129610527e-01
   6.40029862139405e-01
   6.39441472553556e-01
   6.38849001827934e-01
   6.38252490530195e-01
   6.37651978824739e-01
   6.37047506476720e-01
   6.36439112856019e-01
   6.35826836941165e-01
   6.35210717323232e-01
   6.34590792209690e-01
   6.33967099428211e-01
   6.33339676430455e-01
   6.32708560295799e-01
   6.32073787735042e-01
   6.31435395094066e-01
   6.30793418357467e-01
   6.30147893152143e-01
   6.29498854750852e-01
   6.28846338075729e-01
   6.28190377701774e-01
   6.27531007860303e-01
   6.26868262442364e-01
   6.26202175002116e-01
   6.25532778760181e-01
   6.24860106606962e-01
   6.24184191105918e-01
   6.23505064496822e-01
   6.22822758698971e-01
   6.22137305314378e-01
   6.21448735630924e-01
   6.20757080625477e-01
   6.20062370966989e-01
   6.19364637019552e-01
   6.18663908845432e-01
   6.17960216208068e-01
   6.17253588575041e-01
   6.16544055121017e-01
   6.15831644730657e-01
   6.15116386001502e-01
   6.14398307246824e-01
   6.13677436498454e-01
   6.12953801509578e-01
   6.12227429757510e-01
   6.11498348446430e-01
   6.10766584510100e-01
   6.10032164614556e-01
   6.09295115160763e-01
   6.08555462287256e-01
   6.07813231872743e-01
   6.07068449538694e-01
   6.06321140651890e-01
   6.05571330326964e-01
   6.04819043428899e-01
   6.04064304575515e-01
   6.03307138139923e-01
   6.02547568252960e-01
   6.01785618805594e-01
   6.01021313451312e-01
   6.00254675608478e-01
   5.99485728462671e-01
   5.98714494968999e-01
   5.97940997854389e-01
   5.97165259619859e-01
   5.96387302542756e-01
   5.95607148678989e-01
   5.94824819865221e-01
   5.94040337721055e-01
   5.93253723651190e-01
   5.92464998847553e-01
   5.91674184291421e-01
   5.90881300755508e-01
   5.90086368806045e-01
   5.89289408804826e-01
   5.88490440911245e-01
   5.87689485084306e-01
   5.86886561084613e-01
   5.86081688476346e-01
   5.85274886629211e-01
   5.84466174720376e-01
   5.83655571736378e-01
   5.82843096475027e-01
   5.82028767547276e-01
   5.81212603379079e-01
   5.80394622213232e-01
   5.79574842111192e-01
   5.78753280954881e-01
   5.77929956448470e-01
   5.77104886120144e-01
   5.76278087323854e-01
   5.75449577241049e-01
   5.74619372882387e-01
   5.73787491089438e-01
   5.72953948536361e-01
   5.72118761731569e-01
   5.71281947019377e-01
   5.70443520581635e-01
   5.69603498439336e-01
   5.68761896454225e-01
   5.67918730330376e-01
   5.67074015615757e-01
   5.66227767703788e-01
   5.65380001834873e-01
   5.64530733097922e-01
   5.63679976431859e-01
   5.62827746627108e-01
   5.61974058327073e-01
   5.61118926029601e-01
   5.60262364088423e-01
   5.59404386714592e-01
   5.58545007977899e-01
   5.57684241808276e-01
   5.56822101997190e-01
   5.55958602199014e-01
   5.55093755932397e-01
   5.54227576581604e-01
   5.53360077397860e-01
   5.52491271500668e-01
   5.51621171879120e-01
   5.50749791393193e-01
   5.49877142775032e-01
   5.49003238630220e-01
   5.48128091439038e-01
   5.47251713557711e-01
   5.46374117219636e-01
   5.45495314536611e-01
   5.44615317500036e-01
   5.43734137982114e-01
   5.42851787737037e-01
   5.41968278402155e-01
   5.41083621499139e-01
   5.40197828435134e-01
   5.39310910503892e-01
   5.38422878886905e-01
   5.37533744654515e-01
   5.36643518767023e-01
   5.35752212075782e-01
   5.34859835324279e-01
   5.33966399149208e-01
   5.33071914081531e-01
   5.32176390547529e-01
   5.31279838869845e-01
   5.30382269268510e-01
   5.29483691861964e-01
   5.28584116668071e-01
   5.27683553605111e-01
   5.26782012492774e-01
   5.25879503053142e-01
   5.24976034911654e-01
   5.24071617598072e-01
   5.23166260547426e-01
   5.22259973100963e-01
   5.21352764507074e-01
   5.20444643922217e-01
   5.19535620411835e-01
   5.18625702951255e-01
   5.17714900426590e-01
   5.16803221635620e-01
   5.15890675288673e-01
   5.14977270009496e-01
   5.14063014336111e-01
   5.13147916721672e-01
   5.12231985535303e-01
   5.11315229062940e-01
   5.10397655508153e-01
   5.09479272992967e-01
   5.08560089558671e-01
   5.07640113166622e-01
   5.06719351699037e-01
   5.05797812959785e-01
   5.04875504675160e-01
   5.03952434494655e-01
   5.03028609991726e-01
   5.02104038664543e-01
   5.01178727936748e-01
   5.00252685158185e-01
   4.99325917605642e-01
   4.98398432483570e-01
   4.97470236924810e-01
   4.96541337991297e-01
   4.95611742674770e-01
   4.94681457897468e-01
   4.93750490512822e-01
   4.92818847306137e-01
   4.91886534995270e-01
   4.90953560231301e-01
   4.90019929599196e-01
   4.89085649618465e-01
   4.88150726743813e-01
   4.87215167365783e-01
   4.86278977811393e-01
   4.85342164344770e-01
   4.84404733167773e-01
   4.83466690420615e-01
   4.82528042182471e-01
   4.81588794472088e-01
   4.80648953248385e-01
   4.79708524411049e-01
   4.78767513801120e-01
   4.77825927201580e-01
   4.76883770337923e-01
   4.75941048878731e-01
   4.74997768436241e-01
   4.74053934566899e-01
   4.73109552771922e-01
   4.72164628497842e-01
   4.71219167137049e-01
   4.70273174028334e-01
   4.69326654457419e-01
   4.68379613657481e-01
   4.67432056809682e-01
   4.66483989043679e-01
   4.65535415438141e-01
   4.64586341021251e-01
   4.63636770771212e-01
   4.62686709616742e-01
   4.61736162437568e-01
   4.60785134064908e-01
   4.59833629281958e-01
   4.58881652824367e-01
   4.57929209380713e-01
   4.56976303592964e-01
   4.56022940056949e-01
   4.55069123322811e-01
   4.54114857895466e-01
   4.53160148235046e-01
   4.52204998757351e-01
   4.51249413834286e-01
   4.50293397794298e-01
   4.49336954922808e-01
   4.48380089462639e-01
   4.47422805614438e-01
   4.46465107537099e-01
   4.45506999348172e-01
   4.44548485124281e-01
   4.43589568901524e-01
   4.42630254675881e-01
   4.41670546403610e-01
   4.40710448001644e-01
   4.39749963347979e-01
   4.38789096282063e-01
   4.37827850605180e-01
   4.36866230080827e-01
   4.35904238435091e-01
   4.34941879357021e-01
   4.33979156498996e-01
   4.33016073477088e-01
   4.32052633871427e-01
   4.31088841226552e-01
   4.30124699051770e-01
   4.29160210821507e-01
   4.28195379975647e-01
   4.27230209919885e-01
   4.26264704026061e-01
   4.25298865632497e-01
   4.24332698044332e-01
   4.23366204533852e-01
   4.22399388340815e-01
   4.21432252672773e-01
   4.20464800705397e-01
   4.19497035582788e-01
   4.18528960417797e-01
   4.17560578292329e-01
   4.16591892257658e-01
   4.15622905334723e-01
   4.14653620514438e-01
   4.13684040757983e-01
   4.12714168997106e-01
   4.11744008134411e-01
   4.10773561043651e-01
   4.09802830570010e-01
   4.08831819530393e-01
   4.07860530713702e-01
   4.06888966881119e-01
   4.05917130766378e-01
   4.04945025076037e-01
   4.03972652489753e-01
   4.03000015660545e-01
   4.02027117215061e-01
   4.01053959753837e-01
   4.00080545851563e-01
   3.99106878057333e-01
   3.98132958894903e-01
   3.97158790862942e-01
   3.96184376435281e-01
   3.95209718061163e-01
   3.94234818165481e-01
   3.93259679149028e-01
   3.92284303388728e-01
   3.91308693237882e-01
   3.90332851026396e-01
   3.89356779061016e-01
   3.88380479625561e-01
   3.87403954981144e-01
   3.86427207366405e-01
   3.85450238997731e-01
   3.84473052069476e-01
   3.83495648754183e-01
   3.82518031202799e-01
   3.81540201544889e-01
   3.80562161888851e-01
   3.79583914322125e-01
   3.78605460911399e-01
   3.77626803702819e-01
   3.76647944722194e-01
   3.75668885975191e-01
   3.74689629447545e-01
   3.73710177105249e-01
   3.72730530894755e-01
   3.71750692743166e-01
   3.70770664558430e-01
   3.69790448229528e-01
   3.68810045626665e-01
   3.67829458601456e-01
   3.66848688987109e-01
   3.65867738598612e-01
   3.64886609232909e-01
   3.63905302669082e-01
   3.62923820668530e-01
   3.61942164975143e-01
   3.60960337315474e-01
   3.59978339398917e-01
   3.58996172917871e-01
   3.58013839547914e-01
   3.57031340947968e-01
   3.56048678760464e-01
   3.55065854611508e-01
   3.54082870111042e-01
   3.53099726853003e-01
   3.52116426415485e-01
   3.51132970360897e-01
   3.50149360236113e-01
   3.49165597572636e-01
   3.48181683886740e-01
   3.47197620679632e-01
   3.46213409437592e-01
   3.45229051632129e-01
   3.44244548720124e-01
   3.43259902143975e-01
   3.42275113331744e-01
   3.41290183697297e-01
   3.40305114640445e-01
   3.39319907547086e-01
   3.38334563789340e-01
   3.37349084725689e-01
   3.36363471701111e-01
   3.35377726047215e-01
   3.34391849082372e-01
   3.33405842111849e-01
   3.32419706427940e-01
   3.31433443310090e-01
   3.30447054025028e-01
   3.29460539826890e-01
   3.28473901957348e-01
   3.27487141645729e-01
   3.26500260109140e-01
   3.25513258552592e-01
   3.24526138169116e-01
   3.23538900139885e-01
   3.22551545634329e-01
   3.21564075810256e-01
   3.20576491813963e-01
   3.19588794780353e-01
   3.18600985833050e-01
   3.17613066084504e-01
   3.16625036636113e-01
   3.15636898578321e-01
   3.14648652990738e-01
   3.13660300942237e-01
   3.12671843491071e-01
   3.11683281684970e-01
   3.10694616561253e-01
   3.09705849146923e-01
   3.08716980458778e-01
   3.07728011503508e-01
   3.06738943277796e-01
   3.05749776768416e-01
   3.04760512952337e-01
   3.03771152796812e-01
   3.02781697259484e-01
   3.01792147288473e-01
   3.00802503822475e-01
   2.99812767790858e-01
   2.98822940113749e-01
   2.97833021702129e-01
   2.96843013457924e-01
   2.95852916274096e-01
   2.94862731034727e-01
   2.93872458615116e-01
   2.92882099881856e-01
   2.91891655692931e-01
   2.90901126897791e-01
   2.89910514337448e-01
   2.88919818844550e-01
   2.87929041243468e-01
   2.86938182350383e-01
   2.85947242973357e-01
   2.84956223912425e-01
   2.83965125959665e-01
   2.82973949899284e-01
   2.81982696507694e-01
   2.80991366553589e-01
   2.79999960798019e-01
   2.79008479994474e-01
   2.78016924888951e-01
   2.77025296220031e-01
   2.76033594718955e-01
   2.75041821109696e-01
   2.74049976109027e-01
   2.73058060426600e-01
   2.72066074765010e-01
   2.71074019819871e-01
   2.70081896279878e-01
   2.69089704826885e-01
   2.68097446135964e-01
   2.67105120875480e-01
   2.66112729707153e-01
   2.65120273286123e-01
   2.64127752261023e-01
   2.63135167274032e-01
   2.62142518960951e-01
   2.61149807951259e-01
   2.60157034868176e-01
   2.59164200328729e-01
   2.58171304943812e-01
   2.57178349318245e-01
   2.56185334050838e-01
   2.55192259734445e-01
   2.54199126956031e-01
   2.53205936296724e-01
   2.52212688331876e-01
   2.51219383631121e-01
   2.50226022758428e-01
   2.49232606272161e-01
   2.48239134725137e-01
   2.47245608664672e-01
   2.46252028632647e-01
   2.45258395165553e-01
   2.44264708794550e-01
   2.43270970045516e-01
   2.42277179439105e-01
   2.41283337490792e-01
   2.40289444710931e-01
   2.39295501604800e-01
   2.38301508672658e-01
   2.37307466409788e-01
   2.36313375306551e-01
   2.35319235848434e-01
   2.34325048516097e-01
   2.33330813785425e-01
   2.32336532127568e-01
   2.31342204008997e-01
   2.30347829891544e-01
   2.29353410232450e-01
   2.28358945484412e-01
   2.27364436095626e-01
   2.26369882509833e-01
   2.25375285166364e-01
   2.24380644500183e-01
   2.23385960941929e-01
   2.22391234917961e-01
   2.21396466850400e-01
   2.20401657157171e-01
   2.19406806252045e-01
   2.18411914544678e-01
   2.17416982440657e-01
   2.16422010341536e-01
   2.15426998644877e-01
   2.14431947744289e-01
   2.13436858029472e-01
   2.12441729886250e-01
   2.11446563696610e-01
   2.10451359838745e-01
   2.09456118687088e-01
   2.08460840612350e-01
   2.07465525981555e-01
   2.06470175158081e-01
   2.05474788501693e-01
   2.04479366368581e-01
   2.03483909111392e-01
   2.02488417079271e-01
   2.01492890617888e-01
   2.00497330069481e-01
   1.99501735772883e-01
   1.98506108063562e-01
   1.97510447273649e-01
   1.96514753731974e-01
   1.95519027764099e-01
   1.94523269692348e-01
   1.93527479835844e-01
   1.92531658510536e-01
   1.91535806029232e-01
   1.90539922701631e-01
   1.89544008834354e-01
   1.88548064730974e-01
   1.87552090692046e-01
   1.86556087015137e-01
   1.85560053994858e-01
   1.84563991922890e-01
   1.83567901088014e-01
   1.82571781776141e-01
   1.81575634270341e-01
   1.80579458850870e-01
   1.79583255795196e-01
   1.78587025378031e-01
   1.77590767871356e-01
   1.76594483544449e-01
   1.75598172663909e-01
   1.74601835493687e-01
   1.73605472295110e-01
   1.72609083326906e-01
   1.71612668845234e-01
   1.70616229103704e-01
   1.69619764353405e-01
   1.68623274842933e-01
   1.67626760818409e-01
   1.66630222523510e-01
   1.65633660199491e-01
   1.64637074085208e-01
   1.63640464417142e-01
   1.62643831429424e-01
   1.61647175353859e-01
   1.60650496419945e-01
   1.59653794854902e-01
   1.58657070883688e-01
   1.57660324729027e-01
   1.56663556611429e-01
   1.55666766749212e-01
   1.54669955358523e-01
   1.53673122653360e-01
   1.52676268845596e-01
   1.51679394144997e-01
   1.50682498759242e-01
   1.49685582893949e-01
   1.48688646752689e-01
   1.47691690537010e-01
   1.46694714446459e-01
   1.45697718678597e-01
   1.44700703429021e-01
   1.43703668891387e-01
   1.42706615257421e-01
   1.41709542716947e-01
   1.40712451457900e-01
   1.39715341666350e-01
   1.38718213526513e-01
   1.37721067220776e-01
   1.36723902929715e-01
   1.35726720832107e-01
   1.34729521104955e-01
   1.33732303923502e-01
   1.32735069461247e-01
   1.31737817889968e-01
   1.30740549379732e-01
   1.29743264098916e-01
   1.28745962214227e-01
   1.27748643890709e-01
   1.26751309291771e-01
   1.25753958579194e-01
   1.24756591913152e-01
   1.23759209452226e-01
   1.22761811353424e-01
   1.21764397772188e-01
   1.20766968862420e-01
   1.19769524776488e-01
   1.18772065665248e-01
   1.17774591678056e-01
   1.16777102962782e-01
   1.15779599665829e-01
   1.14782081932141e-01
   1.13784549905225e-01
   1.12787003727158e-01
   1.11789443538607e-01
   1.10791869478840e-01
   1.09794281685741e-01
   1.08796680295822e-01
   1.07799065444241e-01
   1.06801437264809e-01
   1.05803795890009e-01
   1.04806141451007e-01
   1.03808474077665e-01
   1.02810793898553e-01
   1.01813101040964e-01
   1.00815395630926e-01
   9.98176777932134e-02
   9.88199476513611e-02
   9.78222053276756e-02
   9.68244509432475e-02
   9.58266846179640e-02
   9.48289064705203e-02
   9.38311166184322e-02
   9.28333151780470e-02
   9.18355022645555e-02
   9.08376779920036e-02
   8.98398424733035e-02
   8.88419958202448e-02
   8.78441381435065e-02
   8.68462695526668e-02
   8.58483901562148e-02
   8.48505000615613e-02
   8.38525993750495e-02
   8.28546882019652e-02
   8.18567666465479e-02
   8.08588348120009e-02
   7.98608928005017e-02
   7.88629407132116e-02
   7.78649786502872e-02
   7.68670067108887e-02
   7.58690249931912e-02
   7.48710335943936e-02
   7.38730326107288e-02
   7.28750221374729e-02
   7.18770022689550e-02
   7.08789730985667e-02
   6.98809347187712e-02
   6.88828872211124e-02
   6.78848306962246e-02
   6.68867652338407e-02
   6.58886909228018e-02
   6.48906078510664e-02
   6.38925161057180e-02
   6.28944157729746e-02
   6.18963069381973e-02
   6.08981896858988e-02
   5.99000640997514e-02
   5.89019302625960e-02
   5.79037882564499e-02
   5.69056381625151e-02
   5.59074800611863e-02
   5.49093140320594e-02
   5.39111401539388e-02
   5.29129585048456e-02
   5.19147691620256e-02
   5.09165722019564e-02
   4.99183677003557e-02
   4.89201557321881e-02
   4.79219363716736e-02
   4.69237096922942e-02
   4.59254757668013e-02
   4.49272346672233e-02
   4.39289864648727e-02
   4.29307312303526e-02
   4.19324690335653e-02
   4.09341999437173e-02
   3.99359240293276e-02
   3.89376413582339e-02
   3.79393519976000e-02
   3.69410560139214e-02
   3.59427534730331e-02
   3.49444444401159e-02
   3.39461289797020e-02
   3.29478071556826e-02
   3.19494790313137e-02
   3.09511446692224e-02
   2.99528041314134e-02
   2.89544574792753e-02
   2.79561047735860e-02
   2.69577460745196e-02
   2.59593814416516e-02
   2.49610109339658e-02
   2.39626346098597e-02
   2.29642525271499e-02
   2.19658647430786e-02
   2.09674713143190e-02
   1.99690722969804e-02
   1.89706677466154e-02
   1.79722577182236e-02
   1.69738422662579e-02
   1.59754214446303e-02
   1.49769953067168e-02
   1.39785639053625e-02
   1.29801272928876e-02
   1.19816855210922e-02
   1.09832386412612e-02
   9.98478670416984e-03
   8.98632976008885e-03
   7.98786785878887e-03
   6.98940104954615e-03
   5.99092938114711e-03
   4.99245290189297e-03
   3.99397165960498e-03
   2.99548570162888e-03
   1.99699507484003e-03
   9.98499825647716e-04
