   8.94124558744270e-03
   1.77836829177673e-02
   2.65282941722804e-02
   3.51760517691359e-02
   4.37279184603831e-02
   5.21848474280507e-02
   6.05477823792754e-02
   6.88176576404847e-02
   7.69953982506441e-02
   8.50819200535766e-02
   9.30781297893656e-02
   1.00984925184848e-01
   1.08803195043208e-01
   1.16533819332682e-01
   1.24177669274379e-01
   1.31735607429231e-01
   1.39208487784076e-01
   1.46597155836887e-01
   1.53902448681154e-01
   1.61125195089429e-01
   1.68266215596034e-01
   1.75326322578955e-01
   1.82306320340917e-01
   1.89207005189653e-01
   1.96029165517380e-01
   2.02773581879477e-01
   2.09441027072388e-01
   2.16032266210748e-01
   2.22548056803740e-01
   2.28989148830699e-01
   2.35356284815958e-01
   2.41650199902953e-01
   2.47871621927591e-01
   2.54021271490892e-01
   2.60099862030901e-01
   2.66108099893894e-01
   2.72046684404867e-01
   2.77916307937337e-01
   2.83717655982435e-01
   2.89451407217321e-01
   2.95118233572920e-01
   3.00718800300974e-01
   3.06253766040442e-01
   3.11723782883230e-01
   3.17129496439271e-01
   3.22471545900956e-01
   3.27750564106928e-01
   3.32967177605241e-01
   3.38122006715887e-01
   3.43215665592707e-01
   3.48248762284683e-01
   3.53221898796623e-01
   3.58135671149241e-01
   3.62990669438642e-01
   3.67787477895210e-01
   3.72526674941923e-01
   3.77208833252070e-01
   3.81834519806413e-01
   3.86404295949767e-01
   3.90918717447028e-01
   3.95378334538631e-01
   3.99783691995473e-01
   4.04135329173278e-01
   4.08433780066423e-01
   4.12679573361236e-01
   4.16873232488757e-01
   4.21015275676977e-01
   4.25106216002557e-01
   4.29146561442035e-01
   4.33136814922522e-01
   4.37077474371897e-01
   4.40969032768497e-01
   4.44811978190317e-01
   4.48606793863725e-01
   4.52353958211683e-01
   4.56053944901501e-01
   4.59707222892100e-01
   4.63314256480824e-01
   4.66875505349773e-01
   4.70391424611678e-01
   4.73862464855328e-01
   4.77289072190530e-01
   4.80671688292641e-01
   4.84010750446641e-01
   4.87306691590778e-01
   4.90559940359774e-01
   4.93770921127603e-01
   4.96940054049846e-01
   5.00067755105621e-01
   5.03154436139098e-01
   5.06200504900605e-01
   5.09206365087317e-01
   5.12172416383549e-01
   5.15099054500644e-01
   5.17986671216463e-01
   5.20835654414491e-01
   5.23646388122540e-01
   5.26419252551083e-01
   5.29154624131194e-01
   5.31852875552119e-01
   5.34514375798471e-01
   5.37139490187054e-01
   5.39728580403322e-01
   5.42282004537474e-01
   5.44800117120198e-01
   5.47283269158045e-01
   5.49731808168467e-01
   5.52146078214496e-01
   5.54526419939081e-01
   5.56873170599089e-01
   5.59186664098959e-01
   5.61467231024028e-01
   5.63715198673523e-01
   5.65930891093229e-01
   5.68114629107824e-01
   5.70266730352902e-01
   5.72387509306670e-01
   5.74477277321336e-01
   5.76536342654182e-01
   5.78565010498326e-01
   5.80563583013183e-01
   5.82532359354620e-01
   5.84471635704813e-01
   5.86381705301804e-01
   5.88262858468771e-01
   5.90115382642995e-01
   5.91939562404556e-01
   5.93735679504727e-01
   5.95504012894095e-01
   5.97244838750404e-01
   5.98958430506112e-01
   6.00645058875685e-01
   6.02304991882613e-01
   6.03938494886156e-01
   6.05545830607833e-01
   6.07127259157637e-01
   6.08683038059996e-01
   6.10213422279475e-01
   6.11718664246220e-01
   6.13199013881152e-01
   6.14654718620910e-01
   6.16086023442544e-01
   6.17493170887964e-01
   6.18876401088148e-01
   6.20235951787104e-01
   6.21572058365601e-01
   6.22884953864657e-01
   6.24174869008799e-01
   6.25442032229087e-01
   6.26686669685916e-01
   6.27909005291581e-01
   6.29109260732630e-01
   6.30287655491984e-01
   6.31444406870844e-01
   6.32579730010377e-01
   6.33693837913186e-01
   6.34786941464573e-01
   6.35859249453579e-01
   6.36910968593824e-01
   6.37942303544140e-01
   6.38953456928993e-01
   6.39944629358704e-01
   6.40916019449476e-01
   6.41867823843208e-01
   6.42800237227127e-01
   6.43713452353214e-01
   6.44607660057444e-01
   6.45483049278828e-01
   6.46339807078272e-01
   6.47178118657244e-01
   6.47998167376259e-01
   6.48800134773180e-01
   6.49584200581330e-01
   6.50350542747435e-01
   6.51099337449382e-01
   6.51830759113800e-01
   6.52544980433471e-01
   6.53242172384562e-01
   6.53922504243689e-01
   6.54586143604813e-01
   6.55233256395965e-01
   6.55864006895804e-01
   6.56478557750016e-01
   6.57077069987543e-01
   6.57659703036654e-01
   6.58226614740860e-01
   6.58777961374660e-01
   6.59313897659145e-01
   6.59834576777433e-01
   6.60340150389962e-01
   6.60830768649621e-01
   6.61306580216740e-01
   6.61767732273923e-01
   6.62214370540739e-01
   6.62646639288264e-01
   6.63064681353480e-01
   6.63468638153530e-01
   6.63858649699831e-01
   6.64234854612049e-01
   6.64597390131933e-01
   6.64946392137008e-01
   6.65281995154142e-01
   6.65604332372967e-01
   6.65913535659176e-01
   6.66209735567676e-01
   6.66493061355628e-01
   6.66763640995336e-01
   6.67021601187028e-01
   6.67267067371494e-01
   6.67500163742610e-01
   6.67721013259728e-01
   6.67929737659954e-01
   6.68126457470290e-01
   6.68311292019669e-01
   6.68484359450860e-01
   6.68645776732260e-01
   6.68795659669570e-01
   6.68934122917348e-01
   6.69061279990455e-01
   6.69177243275384e-01
   6.69282124041474e-01
   6.69376032452017e-01
   6.69459077575250e-01
   6.69531367395244e-01
   6.69593008822676e-01
   6.69644107705503e-01
   6.69684768839525e-01
   6.69715095978840e-01
   6.69735191846205e-01
   6.69745158143281e-01
   6.69745095560790e-01
   6.69735103788559e-01
   6.69715281525468e-01
   6.69685726489308e-01
   6.69646535426524e-01
   6.69597804121878e-01
   6.69539627408001e-01
   6.69472099174865e-01
   6.69395312379150e-01
   6.69309359053517e-01
   6.69214330315802e-01
   6.69110316378100e-01
   6.68997406555778e-01
   6.68875689276378e-01
   6.68745252088452e-01
   6.68606181670293e-01
   6.68458563838590e-01
   6.68302483556989e-01
   6.68138024944574e-01
   6.67965271284262e-01
   6.67784305031115e-01
   6.67595207820569e-01
   6.67398060476582e-01
   6.67192943019699e-01
   6.66979934675038e-01
   6.66759113880200e-01
   6.66530558293090e-01
   6.66294344799677e-01
   6.66050549521659e-01
   6.65799247824066e-01
   6.65540514322775e-01
   6.65274422891965e-01
   6.65001046671482e-01
   6.64720458074143e-01
   6.64432728792963e-01
   6.64137929808305e-01
   6.63836131394973e-01
   6.63527403129214e-01
   6.63211813895672e-01
   6.62889431894258e-01
   6.62560324646957e-01
   6.62224559004566e-01
   6.61882201153366e-01
   6.61533316621732e-01
   6.61177970286664e-01
   6.60816226380270e-01
   6.60448148496172e-01
   6.60073799595854e-01
   6.59693242014945e-01
   6.59306537469442e-01
   6.58913747061866e-01
   6.58514931287365e-01
   6.58110150039744e-01
   6.57699462617453e-01
   6.57282927729494e-01
   6.56860603501287e-01
   6.56432547480471e-01
   6.55998816642643e-01
   6.55559467397049e-01
   6.55114555592210e-01
   6.54664136521497e-01
   6.54208264928652e-01
   6.53746995013248e-01
   6.53280380436097e-01
   6.52808474324612e-01
   6.52331329278100e-01
   6.51848997373022e-01
   6.51361530168179e-01
   6.50868978709867e-01
   6.50371393536967e-01
   6.49868824685989e-01
   6.49361321696067e-01
   6.48848933613901e-01
   6.48331708998654e-01
   6.47809695926799e-01
   6.47282941996913e-01
   6.46751494334433e-01
   6.46215399596353e-01
   6.45674703975887e-01
   6.45129453207071e-01
   6.44579692569338e-01
   6.44025466892026e-01
   6.43466820558860e-01
   6.42903797512377e-01
   6.42336441258314e-01
   6.41764794869948e-01
   6.41188900992396e-01
   6.40608801846872e-01
   6.40024539234898e-01
   6.39436154542478e-01
   6.38843688744228e-01
   6.38247182407464e-01
   6.37646675696253e-01
   6.37042208375420e-01
   6.36433819814515e-01
   6.35821548991745e-01
   6.35205434497863e-01
   6.34585514540020e-01
   6.33961826945576e-01
   6.33334409165877e-01
   6.32703298279993e-01
   6.32068530998416e-01
   6.31430143666729e-01
   6.30788172269225e-01
   6.30142652432508e-01
   6.29493619429042e-01
   6.28841108180671e-01
   6.28185153262108e-01
   6.27525788904386e-01
   6.26863048998268e-01
   6.26196967097635e-01
   6.25527576422834e-01
   6.24854909863993e-01
   6.24178999984302e-01
   6.23499879023263e-01
   6.22817578899910e-01
   6.22132131215993e-01
   6.21443567259132e-01
   6.20751918005937e-01
   6.20057214125105e-01
   6.19359485980477e-01
   6.18658763634068e-01
   6.17955076849069e-01
   6.17248455092816e-01
   6.16538927539733e-01
   6.15826523074240e-01
   6.15111270293641e-01
   6.14393197510972e-01
   6.13672332757831e-01
   6.12948703787174e-01
   6.12222338076086e-01
   6.11493262828518e-01
   6.10761504978013e-01
   6.10027091190381e-01
   6.09290047866370e-01
   6.08550401144296e-01
   6.07808176902654e-01
   6.07063400762698e-01
   6.06316098091001e-01
   6.05566294001984e-01
   6.04814013360425e-01
   6.04059280783939e-01
   6.03302120645436e-01
   6.02542557075549e-01
   6.01780613965050e-01
   6.01016314967228e-01
   6.00249683500252e-01
   5.99480742749509e-01
   5.98709515669915e-01
   5.97936024988210e-01
   5.97160293205222e-01
   5.96382342598115e-01
   5.95602195222614e-01
   5.94819872915201e-01
   5.94035397295298e-01
   5.93248789767426e-01
   5.92460071523337e-01
   5.91669263544132e-01
   5.90876386602354e-01
   5.90081461264060e-01
   5.89284507890878e-01
   5.88485546642033e-01
   5.87684597476362e-01
   5.86881680154306e-01
   5.86076814239883e-01
   5.85270019102637e-01
   5.84461313919574e-01
   5.83650717677077e-01
   5.82838249172798e-01
   5.82023927017535e-01
   5.81207769637089e-01
   5.80389795274104e-01
   5.79570021989888e-01
   5.78748467666213e-01
   5.77925150007104e-01
   5.77100086540598e-01
   5.76273294620504e-01
   5.75444791428126e-01
   5.74614593973983e-01
   5.73782719099503e-01
   5.72949183478707e-01
   5.72114003619871e-01
   5.71277195867174e-01
   5.70438776402330e-01
   5.69598761246201e-01
   5.68757166260399e-01
   5.67914007148866e-01
   5.67069299459444e-01
   5.66223058585422e-01
   5.65375299767079e-01
   5.64526038093199e-01
   5.63675288502580e-01
   5.62823065785526e-01
   5.61969384585318e-01
   5.61114259399681e-01
   5.60257704582229e-01
   5.59399734343895e-01
   5.58540362754354e-01
   5.57679603743422e-01
   5.56817471102450e-01
   5.55953978485700e-01
   5.55089139411705e-01
   5.54222967264623e-01
   5.53355475295566e-01
   5.52486676623928e-01
   5.51616584238694e-01
   5.50745210999733e-01
   5.49872569639084e-01
   5.48998672762227e-01
   5.48123532849338e-01
   5.47247162256538e-01
   5.46369573217125e-01
   5.45490777842793e-01
   5.44610788124845e-01
   5.43729615935385e-01
   5.42847273028506e-01
   5.41963771041461e-01
   5.41079121495827e-01
   5.40193335798652e-01
   5.39306425243596e-01
   5.38418401012057e-01
   5.37529274174284e-01
   5.36639055690489e-01
   5.35747756411933e-01
   5.34855387082015e-01
   5.33961958337339e-01
   5.33067480708781e-01
   5.32171964622534e-01
   5.31275420401156e-01
   5.30377858264592e-01
   5.29479288331200e-01
   5.28579720618758e-01
   5.27679165045465e-01
   5.26777631430930e-01
   5.25875129497152e-01
   5.24971668869492e-01
   5.24067259077631e-01
   5.23161909556523e-01
   5.22255629647335e-01
   5.21348428598381e-01
   5.20440315566045e-01
   5.19531299615693e-01
   5.18621389722578e-01
   5.17710594772738e-01
   5.16798923563880e-01
   5.15886384806262e-01
   5.14972987123557e-01
   5.14058739053716e-01
   5.13143649049822e-01
   5.12227725480932e-01
   5.11310976632912e-01
   5.10393410709263e-01
   5.09475035831942e-01
   5.08555860042173e-01
   5.07635891301244e-01
   5.06715137491311e-01
   5.05793606416173e-01
   5.04871305802063e-01
   5.03948243298410e-01
   5.03024426478605e-01
   5.02099862840759e-01
   5.01174559808449e-01
   5.00248524731460e-01
   4.99321764886517e-01
   4.98394287478015e-01
   4.97466099638732e-01
   4.96537208430546e-01
   4.95607620845138e-01
   4.94677343804690e-01
   4.93746384162574e-01
   4.92814748704039e-01
   4.91882444146887e-01
   4.90949477142143e-01
   4.90015854274717e-01
   4.89081582064067e-01
   4.88146666964841e-01
   4.87211115367531e-01
   4.86274933599102e-01
   4.85338127923629e-01
   4.84400704542920e-01
   4.83462669597136e-01
   4.82524029165400e-01
   4.81584789266412e-01
   4.80644955859040e-01
   4.79704534842922e-01
   4.78763532059050e-01
   4.77821953290356e-01
   4.76879804262288e-01
   4.75937090643381e-01
   4.74993818045824e-01
   4.74049992026019e-01
   4.73105618085135e-01
   4.72160701669659e-01
   4.71215248171938e-01
   4.70269262930717e-01
   4.69322751231674e-01
   4.68375718307944e-01
   4.67428169340643e-01
   4.66480109459389e-01
   4.65531543742805e-01
   4.64582477219035e-01
   4.63632914866240e-01
   4.62682861613097e-01
   4.61732322339291e-01
   4.60781301876001e-01
   4.59829805006384e-01
   4.58877836466049e-01
   4.57925400943534e-01
   4.56972503080769e-01
   4.56019147473545e-01
   4.55065338671968e-01
   4.54111081180914e-01
   4.53156379460481e-01
   4.52201237926431e-01
   4.51245660950632e-01
   4.50289652861495e-01
   4.49333217944407e-01
   4.48376360442153e-01
   4.47419084555348e-01
   4.46461394442849e-01
   4.45503294222173e-01
   4.44544787969910e-01
   4.43585879722124e-01
   4.42626573474762e-01
   4.41666873184050e-01
   4.40706782766886e-01
   4.39746306101236e-01
   4.38785447026516e-01
   4.37824209343978e-01
   4.36862596817087e-01
   4.35900613171899e-01
   4.34938262097434e-01
   4.33975547246038e-01
   4.33012472233755e-01
   4.32049040640684e-01
   4.31085256011336e-01
   4.30121121854989e-01
   4.29156641646036e-01
   4.28191818824338e-01
   4.27226656795558e-01
   4.26261158931509e-01
   4.25295328570485e-01
   4.24329169017599e-01
   4.23362683545108e-01
   4.22395875392743e-01
   4.21428747768031e-01
   4.20461303846614e-01
   4.19493546772570e-01
   4.18525479658722e-01
   4.17557105586951e-01
   4.16588427608502e-01
   4.15619448744293e-01
   4.14650171985211e-01
   4.13680600292413e-01
   4.12710736597621e-01
   4.11740583803415e-01
   4.10770144783524e-01
   4.09799422383109e-01
   4.08828419419052e-01
   4.07857138680231e-01
   4.06885582927806e-01
   4.05913754895485e-01
   4.04941657289808e-01
   4.03969292790407e-01
   4.02996664050280e-01
   4.02023773696052e-01
   4.01050624328239e-01
   4.00077218521509e-01
   3.99103558824933e-01
   3.98129647762248e-01
   3.97155487832102e-01
   3.96181081508306e-01
   3.95206431240081e-01
   3.94231539452301e-01
   3.93256408545738e-01
   3.92281040897298e-01
   3.91305438860261e-01
   3.90329604764513e-01
   3.89353540916783e-01
   3.88377249600868e-01
   3.87400733077865e-01
   3.86423993586395e-01
   3.85447033342825e-01
   3.84469854541492e-01
   3.83492459354921e-01
   3.82514849934041e-01
   3.81537028408399e-01
   3.80558996886375e-01
   3.79580757455391e-01
   3.78602312182121e-01
   3.77623663112691e-01
   3.76644812272894e-01
   3.75665761668381e-01
   3.74686513284869e-01
   3.73707069088336e-01
   3.72727431025217e-01
   3.71747601022599e-01
   3.70767580988415e-01
   3.69787372811629e-01
   3.68806978362432e-01
   3.67826399492423e-01
   3.66845638034795e-01
   3.65864695804519e-01
   3.64883574598526e-01
   3.63902276195883e-01
   3.62920802357974e-01
   3.61939154828673e-01
   3.60957335334522e-01
   3.59975345584898e-01
   3.58993187272187e-01
   3.58010862071954e-01
   3.57028371643105e-01
   3.56045717628059e-01
   3.55062901652908e-01
   3.54079925327580e-01
   3.53096790246000e-01
   3.52113497986249e-01
   3.51130050110720e-01
   3.50146448166279e-01
   3.49162693684411e-01
   3.48178788181382e-01
   3.47194733158383e-01
   3.46210530101685e-01
   3.45226180482781e-01
   3.44241685758543e-01
   3.43257047371356e-01
   3.42272266749269e-01
   3.41287345306138e-01
   3.40302284441761e-01
   3.39317085542025e-01
   3.38331749979039e-01
   3.37346279111273e-01
   3.36360674283694e-01
   3.35374936827900e-01
   3.34389068062252e-01
   3.33403069292005e-01
   3.32416941809442e-01
   3.31430686893997e-01
   3.30444305812390e-01
   3.29457799818746e-01
   3.28471170154726e-01
   3.27484418049648e-01
   3.26497544720608e-01
   3.25510551372607e-01
   3.24523439198667e-01
   3.23536209379949e-01
   3.22548863085875e-01
   3.21561401474244e-01
   3.20573825691341e-01
   3.19586136872063e-01
   3.18598336140021e-01
   3.17610424607659e-01
   3.16622403376363e-01
   3.15634273536571e-01
   3.14646036167881e-01
   3.13657692339159e-01
   3.12669243108648e-01
   3.11680689524071e-01
   3.10692032622735e-01
   3.09703273431639e-01
   3.08714412967570e-01
   3.07725452237209e-01
   3.06736392237232e-01
   3.05747233954405e-01
   3.04757978365687e-01
   3.03768626438325e-01
   3.02779179129953e-01
   3.01789637388683e-01
   3.00800002153205e-01
   2.99810274352877e-01
   2.98820454907818e-01
   2.97830544729004e-01
   2.96840544718352e-01
   2.95850455768816e-01
   2.94860278764472e-01
   2.93870014580610e-01
   2.92879664083818e-01
   2.91889228132071e-01
   2.90898707574814e-01
   2.89908103253049e-01
   2.88917415999419e-01
   2.87926646638289e-01
   2.86935795985831e-01
   2.85944864850102e-01
   2.84953854031129e-01
   2.83962764320984e-01
   2.82971596503869e-01
   2.81980351356187e-01
   2.80989029646626e-01
   2.79997632136232e-01
   2.79006159578487e-01
   2.78014612719380e-01
   2.77022992297490e-01
   2.76031299044049e-01
   2.75039533683024e-01
   2.74047696931184e-01
   2.73055789498173e-01
   2.72063812086582e-01
   2.71071765392017e-01
   2.70079650103169e-01
   2.69087466901885e-01
   2.68095216463234e-01
   2.67102899455573e-01
   2.66110516540616e-01
   2.65118068373500e-01
   2.64125555602850e-01
   2.63132978870842e-01
   2.62140338813270e-01
   2.61147636059608e-01
   2.60154871233072e-01
   2.59162044950684e-01
   2.58169157823331e-01
   2.57176210455829e-01
   2.56183203446983e-01
   2.55190137389642e-01
   2.54197012870767e-01
   2.53203830471480e-01
   2.52210590767128e-01
   2.51217294327341e-01
   2.50223941716083e-01
   2.49230533491714e-01
   2.48237070207045e-01
   2.47243552409390e-01
   2.46249980640623e-01
   2.45256355437231e-01
   2.44262677330370e-01
   2.43268946845915e-01
   2.42275164504513e-01
   2.41281330821636e-01
   2.40287446307634e-01
   2.39293511467781e-01
   2.38299526802330e-01
   2.37305492806562e-01
   2.36311409970834e-01
   2.35317278780627e-01
   2.34323099716599e-01
   2.33328873254630e-01
   2.32334599865866e-01
   2.31340280016775e-01
   2.30345914169184e-01
   2.29351502780330e-01
   2.28357046302908e-01
   2.27362545185109e-01
   2.26367999870671e-01
   2.25373410798921e-01
   2.24378778404819e-01
   2.23384103119000e-01
   2.22389385367821e-01
   2.21394625573398e-01
   2.20399824153654e-01
   2.19404981522354e-01
   2.18410098089154e-01
   2.17415174259636e-01
   2.16420210435350e-01
   2.15425207013855e-01
   2.14430164388759e-01
   2.13435082949755e-01
   2.12439963082665e-01
   2.11444805169475e-01
   2.10449609588373e-01
   2.09454376713789e-01
   2.08459106916430e-01
   2.07463800563319e-01
   2.06468458017830e-01
   2.05473079639725e-01
   2.04477665785191e-01
   2.03482216806872e-01
   2.02486733053909e-01
   2.01491214871972e-01
   2.00495662603294e-01
   1.99500076586706e-01
   1.98504457157673e-01
   1.97508804648322e-01
   1.96513119387482e-01
   1.95517401700712e-01
   1.94521651910333e-01
   1.93525870335465e-01
   1.92530057292055e-01
   1.91534213092907e-01
   1.90538338047720e-01
   1.89542432463110e-01
   1.88546496642649e-01
   1.87550530886889e-01
   1.86554535493395e-01
   1.85558510756775e-01
   1.84562456968706e-01
   1.83566374417969e-01
   1.82570263390473e-01
   1.81574124169283e-01
   1.80577957034654e-01
   1.79581762264053e-01
   1.78585540132188e-01
   1.77589290911039e-01
   1.76593014869880e-01
   1.75596712275309e-01
   1.74600383391275e-01
   1.73604028479102e-01
   1.72607647797517e-01
   1.71611241602676e-01
   1.70614810148186e-01
   1.69618353685137e-01
   1.68621872462119e-01
   1.67625366725254e-01
   1.66628836718216e-01
   1.65632282682257e-01
   1.64635704856232e-01
   1.63639103476620e-01
   1.62642478777550e-01
   1.61645830990825e-01
   1.60649160345942e-01
   1.59652467070116e-01
   1.58655751388307e-01
   1.57659013523236e-01
   1.56662253695410e-01
   1.55665472123146e-01
   1.54668669022588e-01
   1.53671844607735e-01
   1.52674999090455e-01
   1.51678132680514e-01
   1.50681245585590e-01
   1.49684338011297e-01
   1.48687410161206e-01
   1.47690462236864e-01
   1.46693494437814e-01
   1.45696506961617e-01
   1.44699500003869e-01
   1.43702473758222e-01
   1.42705428416403e-01
   1.41708364168232e-01
   1.40711281201645e-01
   1.39714179702708e-01
   1.38717059855637e-01
   1.37719921842818e-01
   1.36722765844823e-01
   1.35725592040430e-01
   1.34728400606640e-01
   1.33731191718693e-01
   1.32733965550089e-01
   1.31736722272602e-01
   1.30739462056299e-01
   1.29742185069557e-01
   1.28744891479078e-01
   1.27747581449909e-01
   1.26750255145454e-01
   1.25752912727494e-01
   1.24755554356201e-01
   1.23758180190157e-01
   1.22760790386366e-01
   1.21763385100270e-01
   1.20765964485769e-01
   1.19768528695231e-01
   1.18771077879510e-01
   1.17773612187960e-01
   1.16776131768452e-01
   1.15778636767385e-01
   1.14781127329703e-01
   1.13783603598912e-01
   1.12786065717088e-01
   1.11788513824896e-01
   1.10790948061603e-01
   1.09793368565093e-01
   1.08795775471877e-01
   1.07798168917109e-01
   1.06800549034602e-01
   1.05802915956837e-01
   1.04805269814978e-01
   1.03807610738886e-01
   1.02809938857131e-01
   1.01812254297005e-01
   1.00814557184534e-01
   9.98168476444920e-02
   9.88191258004125e-02
   9.78213917746009e-02
   9.68236456881471e-02
   9.58258876609372e-02
   9.48281178116655e-02
   9.38303362578467e-02
   9.28325431158271e-02
   9.18347385007967e-02
   9.08369225268004e-02
   8.98390953067494e-02
   8.88412569524325e-02
   8.78434075745275e-02
   8.68455472826119e-02
   8.58476761851739e-02
   8.48497943896235e-02
   8.38519020023027e-02
   8.28539991284967e-02
   8.18560858724441e-02
   8.08581623373472e-02
   7.98602286253826e-02
   7.88622848377112e-02
   7.78643310744882e-02
   7.68663674348735e-02
   7.58683940170410e-02
   7.48704109181889e-02
   7.38724182345492e-02
   7.28744160613973e-02
   7.18764044930617e-02
   7.08783836229331e-02
   6.98803535434738e-02
   6.88823143462271e-02
   6.78842661218263e-02
   6.68862089600038e-02
   6.58881429496001e-02
   6.48900681785726e-02
   6.38919847340041e-02
   6.28938927021122e-02
   6.18957921682571e-02
   6.08976832169508e-02
   5.98995659318649e-02
   5.89014403958396e-02
   5.79033066908915e-02
   5.69051648982220e-02
   5.59070150982251e-02
   5.49088573704960e-02
   5.39106917938385e-02
   5.29125184462731e-02
   5.19143374050447e-02
   5.09161487466306e-02
   4.99179525467475e-02
   4.89197488803599e-02
   4.79215378216868e-02
   4.69233194442096e-02
   4.59250938206792e-02
   4.49268610231233e-02
   4.39286211228538e-02
   4.29303741904736e-02
   4.19321202958838e-02
   4.09338595082907e-02
   3.99355918962127e-02
   3.89373175274869e-02
   3.79390364692764e-02
   3.69407487880765e-02
   3.59424545497215e-02
   3.49441538193913e-02
   3.39458466616180e-02
   3.29475331402920e-02
   3.19492133186690e-02
   3.09508872593755e-02
   2.99525550244158e-02
   2.89542166751776e-02
   2.79558722724386e-02
   2.69575218763723e-02
   2.59591655465539e-02
   2.49608033419666e-02
   2.39624353210072e-02
   2.29640615414921e-02
   2.19656820606628e-02
   2.09672969351921e-02
   1.99689062211892e-02
   1.89705099742057e-02
   1.79721082492408e-02
   1.69737011007474e-02
   1.59752885826367e-02
   1.49768707482841e-02
   1.39784476505347e-02
   1.29800193417080e-02
   1.19815858736036e-02
   1.09831472975061e-02
   9.98470366419042e-03
   8.98625502392662e-03
   7.98780142648518e-03
   6.98934292114181e-03
   5.99087955668242e-03
   4.99241138140795e-03
   3.99393844313923e-03
   2.99546078922174e-03
   1.99697846653033e-03
   9.98491521473884e-04
