   8.42968333702269e-02
   1.59714794665967e-01
   2.27090861947875e-01
   2.87183114485390e-01
   3.40678170250680e-01
   3.88197922307847e-01
   4.30305640187918e-01
   4.67511496110035e-01
   5.00277570266452e-01
   5.29022384278024e-01
   5.54125007297812e-01
   5.75928775047658e-01
   5.94744658275090e-01
   6.10854313678397e-01
   6.24512847232405e-01
   6.35951317025872e-01
   6.45379000165760e-01
   6.52985445988917e-01
   6.58942335725186e-01
   6.63405166857013e-01
   6.66514778700783e-01
   6.68398734177311e-01
   6.69172571327991e-01
   6.68940936855205e-01
   6.67798612808113e-01
   6.65831446486617e-01
   6.63117192686752e-01
   6.59726276550757e-01
   6.55722484506129e-01
   6.51163590072422e-01
   6.46101920675596e-01
   6.40584871030885e-01
   6.34655368130991e-01
   6.28352292401572e-01
   6.21710859155988e-01
   6.14762964091721e-01
   6.07537496218155e-01
   6.00060621285811e-01
   5.92356038497778e-01
   5.84445213021912e-01
   5.76347586584982e-01
   5.68080768214892e-01
   5.59660707002349e-01
   5.51101848576935e-01
   5.42417276832760e-01
   5.33618842294178e-01
   5.24717278380932e-01
   5.15722306713437e-01
   5.06642732491310e-01
   4.97486530880937e-01
   4.88260925259596e-01
   4.78972458083808e-01
   4.69627055077189e-01
   4.60230083367553e-01
   4.50786404143651e-01
   4.41300420348150e-01
   4.31776119874783e-01
   4.22217114693456e-01
   4.12626676287181e-01
   4.03007767748505e-01
   3.93363072850321e-01
   3.83695022376290e-01
   3.74005817969192e-01
   3.64297453731173e-01
   3.54571735787830e-01
   3.44830300008056e-01
   3.35074628053503e-01
   3.25306061915117e-01
   3.15525817079381e-01
   3.05734994453413e-01
   2.95934591165932e-01
   2.86125510350065e-01
   2.76308570003956e-01
   2.66484511016124e-01
   2.56654004434299e-01
   2.46817658049049e-01
   2.36976022356802e-01
   2.27129595960743e-01
   2.17278830462603e-01
   2.07424134893305e-01
   1.97565879725957e-01
   1.87704400510554e-01
   1.77840001166047e-01
   1.67972956962084e-01
   1.58103517219673e-01
   1.48231907757265e-01
   1.38358333106247e-01
   1.28482978517599e-01
   1.18606011779385e-01
   1.08727584862913e-01
   9.88478354137274e-02
   8.89668881020396e-02
   7.90848558458675e-02
   6.92018409188695e-02
   5.93179359537489e-02
   4.94332248510705e-02
   3.95477836024067e-02
   2.96616810358885e-02
   1.97749794914766e-02
   9.88773543257654e-03
