   8.436571908689e-02
   1.598453104594e-01
   2.272764361402e-01
   2.874177948863e-01
   3.409565657606e-01
   3.885151500258e-01
   4.306572775060e-01
   4.678935373228e-01
   5.006863872715e-01
   5.294546909806e-01
   5.545778273709e-01
   5.763994127315e-01
   5.952306719292e-01
   6.113534918265e-01
   6.250231868659e-01
   6.364710039522e-01
   6.459063912096e-01
   6.535190528709e-01
   6.594808104605e-01
   6.639472885302e-01
   6.670594414877e-01
   6.689449364957e-01
   6.697194060109e-01
   6.694875822510e-01
   6.683443247191e-01
   6.663755508679e-01
   6.636590790331e-01
   6.602653919071e-01
   6.562583280422e-01
   6.516957081695e-01
   6.466299024759e-01
   6.411083444066e-01
   6.351739960333e-01
   6.288657695542e-01
   6.222189090598e-01
   6.152653363122e-01
   6.080339639282e-01
   6.005509790405e-01
   5.928401002187e-01
   5.849228101716e-01
   5.768185665134e-01
   5.685449926617e-01
   5.601180507405e-01
   5.515521981841e-01
   5.428605295784e-01
   5.340549051320e-01
   5.251460670355e-01
   5.161437448538e-01
   5.070567509820e-01
   4.978930671035e-01
   4.886599224984e-01
   4.793638649696e-01
   4.700108250832e-01
   4.606061743529e-01
   4.511547779398e-01
   4.416610423846e-01
   4.321289588400e-01
   4.225621422273e-01
   4.129638667032e-01
   4.033370977813e-01
   3.936845214279e-01
   3.840085704129e-01
   3.743114481782e-01
   3.645951504556e-01
   3.548614848466e-01
   3.451120885568e-01
   3.353484444588e-01
   3.255718956400e-01
   3.157836585802e-01
   3.059848350863e-01
   2.961764231017e-01
   2.863593264977e-01
   2.765343639407e-01
   2.667022769248e-01
   2.568637370461e-01
   2.470193525918e-01
   2.371696745081e-01
   2.273152018058e-01
   2.174563864556e-01
   2.075936378226e-01
   1.977273266827e-01
   1.878577888602e-01
   1.779853285223e-01
   1.681102211636e-01
   1.582327163088e-01
   1.483530399610e-01
   1.384713968187e-01
   1.285879722843e-01
   1.187029342828e-01
   1.088164349099e-01
   9.892861192348e-02
   8.903959009571e-02
   7.914948243686e-02
   6.925839130416e-02
   5.936640940602e-02
   4.947362071156e-02
   3.958010127446e-02
   2.968591997908e-02
   1.979113921634e-02
   9.895815495779e-03
