7.013501719109200838e-01
5.682498723048883260e-01
4.351496554893411473e-01
1.136499776343509405e+00
1.003399234654334116e+00
8.702981717322505473e-01
7.371977507577186506e-01
6.040983067870365764e-01
4.709992934072170789e-01
1.172350862979107733e+00
1.039252528451073632e+00
9.061539841657766381e-01
7.730553044696845122e-01
6.399563022802686740e-01
5.068565964932285617e-01
1.208207277829637105e+00
1.075108397237750646e+00
9.420103627516442923e-01
8.089114149364098338e-01
6.758128344452644098e-01
5.427143181381931525e-01
1.244066609443949201e+00
1.110969050178283624e+00
9.778722046609175100e-01
8.447753452668793628e-01
7.116775960058786543e-01
5.785786408494636435e-01
4.454800629676763934e-01
1.146831699519320402e+00
1.013733291828966321e+00
8.806351372088415674e-01
7.475366664020269836e-01
6.144380080166690350e-01
4.813402751364943555e-01
1.182693473804516504e+00
1.049595468048375890e+00
9.164981134502576676e-01
7.834002081536162176e-01
6.503014481265176894e-01
5.172027909099714549e-01
1.218554043064456582e+00
1.085455105275139776e+00
9.523563945503099593e-01
8.192574250092993227e-01
6.861577509242825501e-01
5.530580346161995120e-01
4.199581988080937633e-01
1.121307676506074325e+00
9.882065868428890898e-01
8.551055238619525989e-01
7.220047876530121256e-01
5.889041726089240258e-01
4.558030970704972651e-01
1.157151333416907235e+00
1.024049087387938428e+00
8.909470470101643613e-01
7.578451167252803211e-01
6.247434063522711023e-01
4.916412260456205496e-01
1.192989113506027099e+00
1.059886225231864376e+00
9.267839411383238524e-01
7.936821137169782769e-01
6.605802797448737662e-01
5.274783435649103014e-01
1.228826687107813287e+00
1.095724593573397021e+00
9.626231253704893298e-01
8.295215555049594292e-01
6.964204469755953530e-01
5.633191327974412799e-01
4.302177676130118367e-01
1.131565906947106015e+00
9.984635264727934612e-01
8.653606055034199773e-01
7.322578797534605721e-01
5.991544515606251897e-01
4.660515200130743718e-01
1.167399007461576987e+00
1.034296804191801700e+00
9.011947464035946487e-01
7.680932476317903213e-01
6.349910711753445902e-01
5.018884636694789236e-01
1.203236587938407487e+00
1.070134608717914659e+00
9.370336798356513341e-01
8.039323134938227700e-01
6.708304723662780189e-01
5.377288739479765267e-01
1.239078027747976929e+00
1.105977624573213136e+00
9.728766197186172748e-01
8.397750498286269405e-01
7.066735915618151953e-01
5.735724343852272034e-01
4.404707583121519332e-01
1.141819903485123966e+00
1.008719251939685924e+00
8.756194618987123146e-01
7.425186834952322013e-01
6.094176870538081658e-01
4.763160324958629621e-01
1.177664951737889210e+00
1.044562929628346737e+00
9.114612962940072949e-01
7.783595157894611649e-01
6.452567929720044448e-01
5.121537580772410614e-01
1.213501473781684714e+00
1.080400330152342381e+00
9.472987696544089564e-01
8.141979908590687431e-01
6.810969986205320792e-01
5.479955838354371167e-01
1.249343775402314005e+00
1.116242475605774054e+00
9.831405739298407775e-01
8.500395202403417949e-01
7.169380669881563195e-01
5.838372571599149685e-01
4.507361270363548500e-01
1.152085822881884658e+00
1.018986303059114418e+00
8.858867647488952723e-01
7.527868800967868479e-01
6.196866513369047036e-01
4.865861570057630203e-01
1.187935920369125542e+00
1.054835482438528871e+00
9.217350371156618483e-01
7.886346685666455469e-01
6.555344315263498256e-01
5.224342522806323386e-01
1.223784067940108189e+00
1.090683880422567587e+00
9.575836019331632754e-01
8.244831409720174697e-01
6.913831543584842976e-01
5.582824527262573167e-01
4.251820949323359411e-01
1.126532683070020635e+00
9.934339477420038866e-01
8.603350501841449116e-01
7.272356139432298860e-01
5.941366636802498657e-01
4.610373699668675052e-01
1.162388750430141338e+00
1.029290163041592265e+00
8.961908996256732207e-01
7.630930119804567591e-01
6.299968509531976846e-01
4.969013726383273988e-01
1.198256085264331139e+00
1.065160498276368495e+00
9.320656072336092057e-01
7.989706823302759053e-01
6.658763232251031505e-01
5.327823998924626769e-01
1.234138025575209019e+00
1.101042060259940891e+00
9.679461453791200487e-01
8.348503449414920174e-01
7.017536661375501916e-01
5.686567494134117107e-01
4.355608288156138652e-01
1.136915829012602019e+00
1.003821420788673757e+00
8.707268386643703950e-01
7.376318977924035680e-01
6.045365359664598426e-01
4.714409787969173760e-01
1.172795793954603427e+00
1.039700302998304959e+00
9.066053653882294450e-01
7.735105824564342258e-01
6.404157645530009768e-01
5.073202364460767111e-01
1.208673982763816657e+00
1.075577327262986937e+00
9.424808090889638112e-01
8.093850438841607708e-01
6.762889627537089776e-01
5.431924976512367831e-01
1.244545546215849452e+00
1.111448071586027986e+00
9.783499499898860030e-01
8.452526071707479050e-01
7.121562096695598365e-01
5.790601559652344132e-01
4.459635038698704368e-01
1.147317313524061522e+00
1.014220444678290312e+00
8.811224908267770717e-01
7.480243096041294670e-01
6.149251971617633039e-01
4.818260268121450918e-01
1.183175994283067967e+00
1.050074909578160298e+00
9.169735118846403799e-01
7.838722374367821377e-01
6.507711198210590631e-01
5.176703427959531423e-01
1.219019202655399647e+00
1.085917773316486201e+00
9.528162622288279815e-01
8.197150404748688723e-01
6.866139017006718248e-01
5.535134323329482520e-01
4.204129307104477742e-01
1.121762113446043596e+00
9.886609119003754165e-01
8.555593788600504013e-01
7.224578474984143517e-01
5.893561511136958808e-01
4.562550815978867469e-01
1.157603882532735717e+00
1.024501900838127089e+00
8.914002611610948312e-01
7.582977833090949193e-01
6.251953111528909535e-01
4.920921642640008198e-01
1.193439390739472028e+00
1.060336799271677455e+00
9.272340117488054867e-01
7.941311324455536669e-01
6.610280319721437703e-01
5.279247776928684965e-01
1.229271351578288929e+00
1.096167949072870629e+00
9.630640282876417047e-01
8.299598851622682627e-01
6.968552243424686043e-01
5.637505996203634462e-01
4.306456233675780010e-01
1.131991113631435564e+00
9.988868824331261775e-01
8.657828070776313334e-01
7.326783268959541351e-01
5.995729982155557636e-01
4.664684330861039174e-01
1.167813918889882396e+00
1.034708797727899920e+00
9.016032469825604467e-01
7.684973218027451036e-01
6.353911690792999334e-01
5.022854621456196433e-01
1.203629092895976749e+00
1.070522672342644865e+00
9.374170681410781691e-01
8.043120748848584523e-01
6.712076229925917348e-01
5.381028247997062808e-01
1.239447303835678804e+00
1.106341746672131032e+00
9.732360024751204319e-01
8.401302519954809700e-01
7.070247549958126321e-01
5.739186329378790363e-01
4.408125646039186551e-01
1.142156717333870475e+00
1.009050575560402674e+00
8.759433741747408853e-01
7.428365267458617582e-01
6.097285233396548820e-01
4.766198740474086315e-01
1.177962185734146461e+00
1.044854215063539149e+00
9.117460114515900660e-01
7.786372365034838205e-01
6.455278129014819788e-01
5.124176114644910518e-01
1.213757284399858527e+00
1.080646978902880972e+00
9.475373203788751697e-01
8.144278469131333020e-01
6.813172440069338309e-01
5.482075083564509344e-01
1.249547138367730348e+00
1.116436596263918890e+00
9.833258724339470902e-01
8.502149748045572109e-01
7.171044620518234325e-01
5.839937107612388489e-01
4.508825808622474174e-01
1.152221344676962911e+00
1.019110037443711869e+00
8.859992369500854226e-01
7.528877325001389620e-01
6.197772363058604572e-01
4.866667499098801253e-01
1.188006489062415127e+00
1.054895651758668951e+00
9.217846927305676230e-01
7.886732908104751028e-01
6.555613947731301350e-01
5.224491760399228024e-01
1.223786415550055962e+00
1.090673430066555927e+00
9.575604721277322096e-01
8.244484428077191174e-01
6.913366660643415207e-01
5.582241765934360389e-01
4.251118146824631183e-01
1.126449602371816683e+00
9.933371121467469145e-01
8.602240668151562852e-01
7.271107506986707048e-01
5.939965526576878041e-01
4.608822160429787984e-01
1.162217711461186687e+00
1.029103848288348111e+00
8.959886087603459170e-01
7.628735699834445771e-01
6.297586434799836708e-01
4.966435209990353039e-01
1.197978985158869358e+00
1.064865031520706218e+00
9.317520640187749725e-01
7.986387423111160899e-01
6.655241441903323452e-01
5.324104990749055633e-01
1.233746894508207070e+00
1.100633026597760855e+00
9.675197254699102745e-01
8.344065112547082164e-01
7.012927835128793808e-01
5.681791421176443091e-01
4.350652706706774064e-01
1.136401419918290578e+00
1.003287278531614923e+00
8.701719115332133825e-01
7.370560658511547958e-01
6.039400333518047947e-01
4.708235088399562729e-01
1.172156886931636333e+00
1.039039401926836304e+00
9.059213093716235177e-01
7.728038431240570327e-01
6.396858070168573995e-01
5.065674787187738337e-01
1.207899500117131097e+00
1.074780991912253070e+00
9.416620583372425912e-01
8.085427208522493192e-01
6.754224422868713162e-01
5.423019318045536608e-01
1.243631288388571177e+00
1.110510595283577429e+00
9.773890394302940932e-01
8.442678395919224199e-01
7.111464775174440867e-01
5.780247248404613014e-01
4.449025912850904096e-01
1.146231107427052587e+00
1.013109752757326731e+00
8.799875114463756587e-01
7.468654932591415330e-01
6.137432466559733513e-01
4.806216522564360494e-01
1.181949621263529870e+00
1.048827525923418991e+00
9.157053676378317242e-01
7.825831658027418980e-01
6.494606047908666469e-01
5.163377397759473242e-01
1.217664871885505207e+00
1.084541711757550431e+00
9.514186761970124806e-01
8.182943314249153666e-01
6.851699260444766848e-01
5.520455869829100637e-01
4.189233413310695098e-01
1.120251431851512436e+00
9.871287894419713549e-01
8.540062629248763582e-01
7.208832766755171040e-01
5.877601899033727539e-01
4.546382095405726576e-01
1.155967254183609905e+00
1.022846328648659098e+00
8.897248614475972150e-01
7.566036733620771226e-01
6.234820632922439820e-01
4.903594723228003605e-01
1.191687051567718258e+00
1.058564206160609977e+00
9.254418221653394339e-01
7.923191794794773868e-01
6.591956657331091707e-01
5.260721334418873019e-01
1.227398378491806774e+00
1.094274169548840936e+00
9.611507368282524721e-01
8.280270817085157997e-01
6.949028355242753419e-01
5.617780619853358637e-01
4.286527325525681387e-01
1.129976585796682587e+00
9.968499935966068648e-01
8.637237905262952209e-01
7.305968487079516072e-01
5.974696206388775410e-01
4.643425587888448391e-01
1.165665398642580453e+00
1.032539729909619508e+00
8.994132368560174839e-01
7.662876105139572180e-01
6.331625164704034470e-01
5.000368790186059398e-01
1.201361593252405324e+00
1.068236770129403546e+00
9.351115982365354462e-01
8.019860060327168583e-01
6.688604866154971296e-01
