   2.41688783093154e-02
   4.90443285833315e-02
   7.41320689563092e-02
   9.89345084795490e-02
   1.22965608574039e-01
   1.45765181670795e-01
   1.66912049960813e-01
   1.86035550673479e-01
   2.02824962874951e-01
   2.17036538891243e-01
   2.28497944029577e-01
   2.37110034560068e-01
   2.42846028200319e-01
   2.45748236707075e-01
   2.45922630862452e-01
   2.43531589256526e-01
   2.38785240431199e-01
   2.31931841467550e-01
   2.23247645113503e-01
   2.13026693241687e-01
   2.01570939615941e-01
   1.89181053332587e-01
   1.76148190278970e-01
   1.62746948189831e-01
   1.49229646120124e-01
   1.35821995773621e-01
   1.22720163865865e-01
   1.10089164669587e-01
   9.80624723506488e-02
   8.67427048471708e-02
   7.62032054671043e-02
   6.64903347087168e-02
   5.76262819038878e-02
   4.96122131052491e-02
   4.24315859881274e-02
   3.60534825796587e-02
   3.04358345153907e-02
   2.55284412393853e-02
   2.12757075974459e-02
   1.76190519785571e-02
   1.44989587754190e-02
   1.18566685692776e-02
   9.63551550981227e-03
   7.78193400569847e-03
   6.24616589619726e-03
   4.98270498748963e-03
   3.95051878084926e-03
   3.11308768180135e-03
   2.43830047698853e-03
   1.89824203071180e-03
   1.46890525857611e-03
   1.12985501054560e-03
   8.63866916712103e-04
   6.56559729287515e-04
   4.96035357406338e-04
   3.72536996624704e-04
   2.78132436270893e-04
   2.06426810216485e-04
   1.52306806222188e-04
   1.11716552974295e-04
   8.14641918575586e-05
   5.90572008256202e-05
   4.25639033024862e-05
   3.04984597381540e-05
   2.17263902026961e-05
   1.53877640640139e-05
   1.08354429910885e-05
   7.58587773992337e-06
   5.28028489088271e-06
   3.65431496092009e-06
   2.51452974441927e-06
   1.72033520023743e-06
   1.17024683624165e-06
   7.91504410030681e-07
   5.32288606979770e-07
   3.55929003429777e-07
   2.36645289132126e-07
   1.56443747335968e-07
   1.02839374323832e-07
   6.72208543361643e-08
   4.36935758064753e-08
   2.82447839930364e-08
   1.81550824446694e-08
   1.15998473592156e-08
   7.36910243900403e-09
   4.65445222769378e-09
   2.91833995033260e-09
   1.81641828835039e-09
   1.12395902473497e-09
   6.95231597369810e-10
   4.33191593884577e-10
   2.67267095432341e-10
   1.60444799595569e-10
   9.58371304229529e-11
   5.91776979495657e-11
   3.65448793767270e-11
   1.89379902939590e-11
   8.34756998797288e-12
   4.14624500898474e-12
