   8.32857948632537e-03
   1.70111382089803e-02
   2.59915811683189e-02
   3.52109756664620e-02
   4.46081373206559e-02
   5.41202431716175e-02
   6.36834635575425e-02
   7.32336040699157e-02
   8.27067488988091e-02
   9.20398968123737e-02
   1.01171581264772e-01
   1.10042466486585e-01
   1.18595911732825e-01
   1.26778496640551e-01
   1.34540501189271e-01
   1.41836334653471e-01
   1.48624908771000e-01
   1.54869951261848e-01
   1.60540256927940e-01
   1.65609874407475e-01
   1.70058227806839e-01
   1.73870173384076e-01
   1.77035992406022e-01
   1.79551322249914e-01
   1.81417028647229e-01
   1.82639022799498e-01
   1.83228027712903e-01
   1.83199298731889e-01
   1.82572303735897e-01
   1.81370368832359e-01
   1.79620295625079e-01
   1.77351956301763e-01
   1.74597872859067e-01
   1.71392786620856e-01
   1.67773224169892e-01
   1.63777065437529e-01
   1.59443119438523e-01
   1.54810712725698e-01
   1.49919295071359e-01
   1.44808066544355e-01
   1.39515629402440e-01
   1.34079667815830e-01
   1.28536657723612e-01
   1.22921608577763e-01
   1.17267838222505e-01
   1.11606781444028e-01
   1.05967832355619e-01
   1.00378220171187e-01
   9.48629175493880e-02
   8.94445802173242e-02
   8.41435162693106e-02
   7.89776832497893e-02
   7.39627108323524e-02
   6.91119467499369e-02
   6.44365234707857e-02
   5.99454430929468e-02
   5.56456777697814e-02
   5.15422830931250e-02
   4.76385218851628e-02
   4.39359958753350e-02
   4.04347829484416e-02
   3.71335776908386e-02
   3.40298332262581e-02
   3.11199024444024e-02
   2.83991769048882e-02
   2.58622220119470e-02
   2.35029070883162e-02
   2.13145293422593e-02
   1.92899308071848e-02
   1.74216075553980e-02
   1.57018107344245e-02
   1.41226390039706e-02
   1.26761222578389e-02
   1.13542965356481e-02
   1.01492702388455e-02
   9.05328181945077e-03
   8.05874921230653e-03
   7.15831139875295e-03
   6.34486248620433e-03
   5.61157879000814e-03
   4.95193936786183e-03
   4.35974059400542e-03
   3.82910521798381e-03
   3.35448644944016e-03
   2.93066758184503e-03
   2.55275759038497e-03
   2.21618319587398e-03
   1.91667771772362e-03
   1.65026715166575e-03
   1.41325371278175e-03
   1.20219705983000e-03
   1.01389343672879e-03
   8.45352733274336e-04
   6.93773517708285e-04
   5.56515902757514e-04
   4.31072044485799e-04
   3.15033947195933e-04
   2.06058034232922e-04
   1.01825852521123e-04
