   1.16249736481581e-02
   2.37133606510005e-02
   3.61546583058433e-02
   4.88338634260493e-02
   6.16330706656664e-02
   7.44331164086243e-02
   8.71152368760376e-02
   9.95627091311617e-02
   1.11662444165086e-01
   1.23306502657537e-01
   1.34393506105827e-01
   1.44829918555225e-01
   1.54531177441505e-01
   1.63422655655216e-01
   1.71440440950539e-01
   1.78531922928756e-01
   1.84656182284676e-01
   1.89784181137826e-01
   1.93898757622060e-01
   1.96994431756878e-01
   1.99077033417224e-01
   2.00163166361397e-01
   2.00279525180122e-01
   1.99462084276622e-01
   1.97755179729537e-01
   1.95210506083714e-01
   1.91886050736454e-01
   1.87844988609513e-01
   1.83154559324076e-01
   1.77884948193265e-01
   1.72108190890580e-01
   1.65897119939571e-01
   1.59324369166119e-01
   1.52461449877764e-01
   1.45377910170746e-01
   1.38140586242918e-01
   1.30812952033446e-01
   1.23454571039413e-01
   1.16120651854612e-01
   1.08861706670484e-01
   1.01723310009950e-01
   9.47459532479714e-02
   8.79649888339035e-02
   8.14106570212326e-02
   7.51081868516545e-02
   6.90779625187702e-02
   6.33357457095644e-02
   5.78929444942608e-02
   5.27569192382093e-02
   4.79313163834822e-02
   4.34164213278285e-02
   3.92095222341263e-02
   3.53052772594793e-02
   3.16960785221710e-02
   2.83724069631164e-02
   2.53231730616690e-02
   2.25360393613229e-02
   1.99977215077369e-02
   1.76942653647986e-02
   1.56112985639746e-02
   1.37342555357231e-02
   1.20485756930829e-02
   1.05398750402815e-02
   9.19409192520641e-03
   7.99760803272647e-03
   6.93734608158665e-03
   6.00084590346853e-03
   5.17632074821533e-03
   4.45269578969766e-03
   3.81963082814177e-03
   3.26752920668906e-03
   2.78753486224831e-03
   2.37151946037762e-03
   2.01206132901553e-03
   1.70241787302873e-03
   1.43649296888718e-03
   1.20880068792377e-03
   1.01442653258424e-03
   8.48987252534370e-04
   7.08590145399407e-04
   5.89792531212260e-04
   4.89562108360479e-04
   4.05238595823927e-04
   3.34497072765775e-04
   2.75313294531388e-04
   2.25931182956387e-04
   1.84832556113107e-04
   1.50709195950381e-04
   1.22437209295005e-04
   9.90535827781649e-05
   7.97349145684609e-05
   6.37781187640397e-05
   5.05829676561692e-05
   3.96362882652362e-05
   3.04975916675100e-05
   2.27858777571989e-05
   1.61673911313877e-05
   1.03440042028802e-05
   5.04187566622911e-06
