   2.25236150639820e-03
   4.61214514018847e-03
   7.07659355648484e-03
   9.64266382386807e-03
   1.23070318704135e-02
   1.50660977281851e-02
   1.79159915396022e-02
   2.08525802523306e-02
   2.38714751006815e-02
   2.69680397588440e-02
   3.01373991921757e-02
   3.33744491881871e-02
   3.66738665057420e-02
   4.00301196797627e-02
   4.34374803750111e-02
   4.68900353289918e-02
   5.03816988232181e-02
   5.39062256376215e-02
   5.74572245004358e-02
   6.10281719136737e-02
   6.46124263943847e-02
   6.82032431012897e-02
   7.17937887249701e-02
   7.53771566623379e-02
   7.89463824442178e-02
   8.24944593203959e-02
   8.60143540268796e-02
   8.94990226183504e-02
   9.29414263898865e-02
   9.63345478316850e-02
   9.96714065072922e-02
   1.02945074886065e-01
   1.06148694077366e-01
   1.09275489426676e-01
   1.12318785881835e-01
   1.15272023113097e-01
   1.18128770389213e-01
   1.20882741127524e-01
   1.23527807089746e-01
   1.26058012186148e-01
   1.28467585827038e-01
   1.30750955834389e-01
   1.32902760860532e-01
   1.34917862262941e-01
   1.36791355453483e-01
   1.38518580618250e-01
   1.40095132827527e-01
   1.41516871547096e-01
   1.42779929477455e-01
   1.43880720695358e-01
   1.44815948088904e-01
   1.45582610107131e-01
   1.46178006775884e-01
   1.46599744967518e-01
   1.46845742895954e-01
   1.46914233896175e-01
   1.46803769431823e-01
   1.46513221305109e-01
   1.46041783121215e-01
   1.45388970994442e-01
   1.44554623493456e-01
   1.43538900803494e-01
   1.42342283163499e-01
   1.40965568562898e-01
   1.39409869703121e-01
   1.37676610251366e-01
   1.35767520390084e-01
   1.33684631698444e-01
   1.31430271371847e-01
   1.29007055776093e-01
   1.26417883399578e-01
   1.23665927254192e-01
   1.20754626635473e-01
   1.17687678378790e-01
   1.14469027609213e-01
   1.11102857990717e-01
   1.07593581540047e-01
   1.03945827974347e-01
   1.00164433714885e-01
   9.62544305209990e-02
   9.22210337751172e-02
   8.80696304898040e-02
   8.38057670507798e-02
   7.94351367521512e-02
   7.49635671235343e-02
   7.03970070967851e-02
   6.57415140712522e-02
   6.10032408581660e-02
   5.61884225916199e-02
   5.13033636456441e-02
   4.63544245018892e-02
   4.13480087091912e-02
   3.62905498906448e-02
   3.11884988614960e-02
   2.60483109381737e-02
   2.08764333313699e-02
   1.56792927681786e-02
   1.04632833442628e-02
   5.23475461948938e-03
