   1.67828801839608e-02
   3.34400264488547e-02
   4.98472738490072e-02
   6.58835679903568e-02
   8.14324524480796e-02
   9.63834764222334e-02
   1.10633498895465e-01
   1.24087867767389e-01
   1.36661455204353e-01
   1.48279533572373e-01
   1.58878479834603e-01
   1.68406299745209e-01
   1.76822967084269e-01
   1.84100576878042e-01
   1.90223315222352e-01
   1.95187251870381e-01
   1.98999965053792e-01
   2.01680010959357e-01
   2.03256252819008e-01
   2.03767066806086e-01
   2.03259443553039e-01
   2.01788005419709e-01
   1.99413960190386e-01
   1.96204012252537e-01
   1.92229251986220e-01
   1.87564043401011e-01
   1.82284929005384e-01
   1.76469569469874e-01
   1.70195733824243e-01
   1.63540354008582e-01
   1.56578655530834e-01
   1.49383373584365e-01
   1.42024061768507e-01
   1.34566498219220e-01
   1.27072191773273e-01
   1.19597988607989e-01
   1.12195777889167e-01
   1.04912293146696e-01
   9.77890046107497e-02
   9.08620963144212e-02
   8.41625207690278e-02
   7.77161232225226e-02
   7.15438268365378e-02
   6.56618698652902e-02
   6.00820857734918e-02
   5.48122173270353e-02
   4.98562559117104e-02
   4.52147979119823e-02
   4.08854103545896e-02
   3.68629987916464e-02
   3.31401711147046e-02
   2.97075918003846e-02
   2.65543218858931e-02
   2.36681407520097e-02
   2.10358466729662e-02
   1.86435338206080e-02
   1.64768441601190e-02
   1.45211932760629e-02
   1.27619698989076e-02
   1.11847092893326e-02
   9.77524116891964e-03
   8.51981328603511e-03
   7.40519196169682e-03
   6.41874120942567e-03
   5.54848221460650e-03
   4.78313506003953e-03
   4.11214459432894e-03
   3.52569243447311e-03
   3.01469697175704e-03
   2.57080324373075e-03
   2.18636436203864e-03
   1.85441615552414e-03
   1.56864652592309e-03
   1.32336084488237e-03
   1.11344456975570e-03
   9.34324167691507e-04
   7.81927263430975e-04
   6.52642718031572e-04
   5.43281356614952e-04
   4.51037803834581e-04
   3.73453854787244e-04
   3.08383668619514e-04
   2.53961027936904e-04
   2.08568782777439e-04
   1.70810558960057e-04
   1.39484755291681e-04
   1.13560770163254e-04
   9.21574359553733e-05
   7.45235115333108e-05
   6.00201765430815e-05
   4.81053314693322e-05
   3.83195476221139e-05
   3.02735443654520e-05
   2.36370217827630e-05
   1.81286280965370e-05
   1.35068736721993e-05
   9.56184085325375e-06
   6.10740632957621e-06
   2.97377190913339e-06
